-224.299301 206.814835 31.882965
-222.870590 206.437256 31.667873
-221.441879 206.059723 31.452787
-220.013184 205.682159 31.237696
-218.584442 205.304596 31.022606
-217.155685 204.927002 30.807512
-215.726990 204.549438 30.592419
-214.298294 204.171875 30.377333
-212.869568 203.794327 30.162245
-211.440842 203.416763 29.947155
-210.012146 203.039200 29.732065
-208.583450 202.661636 29.516973
-207.154724 202.284073 29.301888
-205.725998 201.906509 29.086794
-204.297256 201.528915 28.871700
-202.868561 201.151367 28.656609
-201.439850 200.773788 28.441521
-200.011108 200.396240 28.226431
-198.582397 200.018677 28.011341
-197.153702 199.641113 27.796251
-195.724976 199.263580 27.581163
-194.296280 198.886017 27.366072
-192.867569 198.508453 27.150986
-191.438858 198.130890 26.935896
-190.010132 197.753311 26.720804
-188.581406 197.375748 26.505711
-187.152664 196.998154 26.290619
-185.723953 196.620621 26.075531
-184.295258 196.243042 25.860439
-182.866516 195.865463 25.645350
-181.437820 195.487930 25.430262
-180.009109 195.110352 25.215172
-178.580368 194.732758 25.000076
-177.151657 194.355225 24.784985
-175.722916 193.977646 24.569897
-174.294235 193.600082 24.354805
-172.865509 193.222534 24.139719
-171.436813 192.844971 23.924627
-170.008087 192.467407 23.709538
-168.579391 192.089828 23.494450
-167.150665 191.712311 23.279358
-165.721954 191.334717 23.064270
-164.293228 190.957169 22.849180
-162.864517 190.579605 22.634092
-161.435822 190.202042 22.419001
-160.007065 189.824463 22.203907
-158.578339 189.446884 21.988817
-157.149643 189.069321 21.773726
-155.720917 188.691772 21.558636
-154.292221 188.314209 21.343548
-152.863480 187.936600 21.128454
-151.434753 187.559052 20.913364
-150.006042 187.181503 20.698275
-148.577332 186.803925 20.483185
-147.148621 186.426376 20.268097
-145.719910 186.048828 20.053003
-144.291199 185.671249 19.837915
-142.862473 185.293686 19.622826
-141.433777 184.916122 19.407734
-140.005066 184.538589 19.192646
-138.576355 184.161026 18.977556
-137.147629 183.783463 18.762465
-135.718903 183.405899 18.547377
-134.290207 183.028336 18.332287
-132.861465 182.650742 18.117193
-131.432755 182.273178 17.902103
-130.004044 181.895615 17.687012
-128.575302 181.518051 17.471922
-127.146576 181.140472 17.256830
-125.717865 180.762909 17.041740
-124.289162 180.385330 16.826649
-122.860435 180.007782 16.611561
-121.431717 179.630219 16.396471
-120.003014 179.252670 16.181381
-118.574303 178.875122 15.966291
-117.145584 178.497543 15.751202
-115.716866 178.119995 15.536112
-114.288162 177.742432 15.321022
-112.859436 177.364838 15.105932
-111.430733 176.987289 14.890842
-110.002007 176.609741 14.675750
-108.573288 176.232147 14.460660
-107.144569 175.854584 14.245569
-105.715851 175.477051 14.030481
-104.287140 175.099472 13.815391
-102.858429 174.721909 13.600301
-101.429703 174.344360 13.385210
-100.000992 173.966782 13.170120
-98.572281 173.589218 12.955029
-97.143562 173.211655 12.739940
-95.714828 172.834076 12.524849
-94.286118 172.456512 12.309758
-92.857407 172.078964 12.094668
-91.428696 171.701401 11.879578
-89.999969 171.323807 11.664489
-88.571259 170.946259 11.449399
-87.142548 170.568710 11.234308
-85.713837 170.191147 11.019218
-84.285110 169.813568 10.804128
-82.856377 169.436020 10.589037
-81.427673 169.058441 10.373946
-79.998962 168.680878 10.158856
-78.570244 168.303314 9.943768
-77.141533 167.925751 9.728677
-75.712814 167.548187 9.513587
-74.284096 167.170624 9.298497
-72.855377 166.793060 9.083407
-71.426674 166.415512 8.868317
-69.997940 166.037933 8.653225
-68.569221 165.660370 8.438134
-67.140511 165.282806 8.223044
-65.711800 164.905243 8.007956
-64.283073 164.527679 7.792864
-62.854362 164.150116 7.577774
-61.425652 163.772552 7.362685
-59.996941 163.394989 7.147594
-58.568226 163.017426 6.932505
-57.139507 162.639862 6.717415
-55.710781 162.262299 6.502323
-54.282063 161.884705 6.287233
-52.853352 161.507172 6.072144
-51.424637 161.129608 5.857054
-49.995918 160.752045 5.641963
-48.567207 160.374481 5.426873
-47.138489 159.996918 5.211783
-45.709774 159.619354 4.996694
-44.281059 159.241791 4.781603
-42.852329 158.864212 4.566512
-41.423615 158.486649 4.351421
-39.994904 158.109100 4.136332
-38.566193 157.731537 3.921242
-37.137474 157.353958 3.706151
-35.708759 156.976395 3.491061
-34.280045 156.598846 3.275972
-32.851326 156.221268 3.060881
-31.422615 155.843704 2.845792
-29.993887 155.466156 2.630700
-28.565172 155.088577 2.415610
-27.136456 154.711014 2.200520
-25.707741 154.333450 1.985430
-24.279026 153.955887 1.770340
-22.850313 153.578323 1.555250
-21.421597 153.200760 1.340160
-19.992884 152.823196 1.125070
-18.564171 152.445633 0.909980
-17.135452 152.068069 0.694890
-15.706726 151.690491 0.479798
-14.278011 151.312943 0.264708
-12.849297 150.935379 0.049618
-11.420583 150.557816 -0.165472
-9.991867 150.180252 -0.380562
-9.359013 149.612137 -0.070913
-8.726159 149.044006 0.238736
-8.093304 148.475891 0.548385
-7.460453 147.907791 0.858034
-6.827598 147.339676 1.167682
-6.194744 146.771561 1.477331
-5.561890 146.203461 1.786980
-4.929035 145.635345 2.096629
-4.296182 145.067200 2.406277
-3.663326 144.499084 2.715926
-3.030473 143.930984 3.025574
-2.397620 143.362885 3.335224
-1.764765 142.794739 3.644873
-1.131911 142.226654 3.954522
-0.499058 141.658508 4.264170
0.133797 141.090393 4.573820
0.766651 140.522293 4.883469
1.399504 139.954163 5.193116
2.032358 139.386093 5.502766
2.665212 138.817963 5.812415
3.298066 138.249847 6.122063
3.930920 137.681702 6.431712
4.563774 137.113602 6.741361
5.196628 136.545486 7.051009
5.829483 135.977341 7.360659
6.462337 135.409286 7.670308
7.095191 134.841156 7.979957
7.728045 134.273041 8.289605
8.360898 133.704910 8.599254
8.993752 133.136795 8.908902
9.626606 132.568680 9.218550
10.259460 132.000565 9.528199
10.892315 131.432465 9.837850
11.525168 130.864319 10.147498
12.158023 130.296234 10.457148
12.790874 129.728104 10.766795
13.423731 129.159988 11.076444
14.056583 128.591888 11.386091
14.689438 128.023758 11.695743
15.322292 127.455658 12.005390
15.955147 126.887520 12.315040
16.588001 126.319420 12.624688
17.220856 125.751305 12.934338
17.853706 125.183182 13.243985
18.486565 124.615067 13.553635
19.119417 124.046944 13.863281
19.752272 123.478859 14.172934
20.385124 122.910713 14.482579
21.017979 122.342621 14.792231
21.650835 121.774498 15.101879
22.283688 121.206375 15.411527
22.916540 120.638268 15.721176
23.549395 120.070145 16.030823
24.182249 119.502029 16.340473
24.815102 118.933914 16.650120
25.447960 118.365837 16.959772
26.080812 117.797691 17.269421
26.713665 117.229576 17.579067
27.346518 116.661461 17.888718
27.979370 116.093338 18.198366
28.612225 115.525238 18.508015
29.245075 114.957092 18.817661
29.877937 114.389023 19.127314
30.510788 113.820869 19.436962
31.143641 113.252777 19.746611
31.776499 112.684654 20.056257
32.409351 112.116539 20.365908
33.042210 111.548424 20.675558
33.675056 110.980286 20.985203
34.307915 110.412209 21.294855
34.940765 109.844070 21.604504
35.573616 109.275963 21.914150
36.206478 108.707848 22.223801
36.839329 108.139740 22.533449
37.472187 107.571625 22.843100
38.105034 107.003487 23.152744
38.737892 106.435394 23.462395
39.370743 105.867264 23.772045
40.003605 105.299164 24.081697
40.636452 104.731049 24.391340
41.269306 104.162933 24.700991
41.902161 103.594818 25.010639
42.535007 103.026695 25.320288
43.167870 102.458603 25.629936
43.800720 101.890465 25.939585
44.433578 101.322365 26.249239
45.066429 100.754242 26.558884
45.699284 100.186127 26.868532
46.332142 99.618011 27.178183
46.964993 99.049896 27.487831
47.597851 98.481796 27.797483
48.230698 97.913651 28.107124
48.863556 97.345566 28.416780
49.496410 96.777435 28.726425
50.129261 96.209328 29.036076
50.762115 95.641205 29.345724
51.394970 95.073082 29.655373
52.027828 94.504982 29.965023
52.660675 93.936859 30.274666
53.293541 93.368752 30.584320
53.926384 92.800621 30.893969
54.559242 92.232521 31.203613
55.192093 91.664398 31.513266
55.824951 91.096298 31.822914
56.457809 90.528183 32.132561
57.090652 89.960045 32.442207
57.723511 89.391953 32.751862
58.356361 88.823814 33.061504
58.989212 88.255714 33.371155
59.622070 87.687592 33.680805
60.254929 87.119476 33.990456
60.887783 86.551361 34.300102
61.520630 85.983238 34.609749
62.153492 85.415146 34.919403
62.786346 84.847015 35.229050
63.419197 84.278908 35.538700
64.052048 83.710793 35.848347
64.684906 83.142677 36.157997
65.317757 82.574554 36.467648
65.950607 82.006432 36.777290
66.583466 81.438339 37.086945
67.216324 80.870201 37.396587
67.849182 80.302101 37.706245
68.482025 79.733978 38.015892
69.114883 79.165863 38.325539
69.747742 78.597755 38.635185
70.380585 78.029633 38.944832
71.013451 77.461517 39.254486
71.646301 76.893410 39.564129
72.279152 76.325294 39.873779
72.912010 75.757187 40.183430
73.544861 75.189056 40.493080
74.177719 74.620949 40.802727
74.810577 74.052826 41.112381
75.443428 73.484718 41.422028
76.076279 72.916595 41.731678
76.709129 72.348488 42.041321
77.341988 71.780373 42.350971
77.974838 71.212257 42.660622
78.607697 70.644142 42.970268
79.240547 70.076019 43.279922
79.873405 69.507912 43.589565
80.506256 68.939789 43.899216
81.139107 68.371681 44.208862
81.771957 67.803566 44.518513
82.404816 67.235451 44.828163
83.037674 66.667336 45.137814
83.670532 66.099228 45.447464
84.303383 65.531105 45.757111
84.936234 64.962990 46.066757
85.569092 64.394882 46.376404
86.201935 63.826763 46.686054
86.834793 63.258648 46.995705
87.467651 62.690533 47.305347
88.100510 62.122414 47.615002
88.733360 61.554298 47.924652
89.366219 60.986179 48.234299
89.999069 60.418068 48.543953
90.631912 59.849964 48.853596
91.264771 59.281845 49.163246
91.897629 58.713726 49.472893
92.530479 58.145611 49.782543
93.163338 57.577503 50.092197
93.796196 57.009377 50.401844
94.429054 56.441265 50.711494
95.061890 55.873154 51.021141
95.694748 55.305035 51.330788
96.327606 54.736919 51.640434
96.960464 54.168804 51.950085
97.593323 53.600693 52.259735
98.226166 53.032570 52.569382
98.859024 52.464455 52.879032
99.491867 51.896347 53.188679
100.124725 51.328236 53.498325
100.757584 50.760117 53.807976
101.390434 50.191998 54.117626
102.023300 49.623886 54.427277
102.656143 49.055767 54.736923
103.289001 48.487652 55.046574
103.921860 47.919537 55.356224
104.554703 47.351429 55.665867
105.187561 46.783310 55.975521
105.820419 46.215199 56.285168
106.453270 45.647079 56.594818
107.086121 45.078964 56.904469
107.718979 44.510845 57.214115
108.351837 43.942734 57.523766
108.984688 43.374622 57.833408
109.617531 42.806503 58.143059
110.250397 42.238392 58.452713
110.883247 41.670273 58.762360
111.516113 41.102161 59.072010
112.148972 40.534042 59.381657
112.781807 39.965927 59.691307
113.414658 39.397820 60.000946
114.047516 38.829708 60.310600
114.680367 38.261581 60.620251
115.313232 37.693474 60.929901
115.946091 37.125355 61.239552
116.578949 36.557240 61.549202
117.211792 35.989120 61.858849
117.844650 35.421005 62.168499
118.477493 34.852898 62.478138
119.110359 34.284782 62.787796
119.743202 33.716667 63.097443
120.376060 33.148548 63.407089
121.008911 32.580429 63.716736
121.641769 32.012318 64.026390
122.274628 31.444202 64.336044
122.907471 30.876091 64.645691
123.540314 30.307976 64.955330
124.173187 29.739859 65.264984
124.806030 29.171741 65.574631
125.438889 28.603624 65.884277
126.071747 28.035511 66.193932
126.704590 27.467394 66.503578
127.337448 26.899286 66.813225
127.970306 26.331171 67.122879
128.603165 25.763056 67.432526
129.236008 25.194941 67.742172
129.868866 24.626823 68.051819
130.501724 24.058706 68.361473
131.134583 23.490589 68.671120
131.767441 22.922476 68.980774
132.400284 22.354364 69.290413
133.033142 21.786251 69.600067
133.665985 21.218136 69.909714
134.298843 20.650017 70.219360
134.931702 20.081902 70.529007
135.564560 19.513786 70.838661
136.197418 18.945669 71.148315
136.830261 18.377562 71.457954
137.463120 17.809444 71.767609
138.095963 17.241327 72.077255
138.728821 16.673212 72.386909
139.361679 16.105095 72.696556
139.994537 15.536980 73.006203
140.627380 14.968864 73.315857
141.260254 14.400757 73.625504
141.893097 13.832641 73.935150
142.525940 13.264524 74.244797
143.158798 12.696407 74.554451
143.791656 12.128290 74.864098
144.424530 11.560175 75.173744
145.057358 10.992059 75.483391
145.690216 10.423943 75.793045
146.323059 9.855835 76.102692
146.955917 9.287720 76.412346
147.588776 8.719603 76.721992
148.221634 8.151486 77.031639
148.211517 7.834716 77.031639
148.201416 7.517947 77.031647
148.191330 7.201177 77.031647
148.181198 6.884407 77.031654
148.171082 6.567636 77.031639
148.160965 6.250866 77.031647
148.150833 5.934095 77.031639
148.140747 5.617327 77.031647
148.130630 5.300556 77.031639
148.120514 4.983787 77.031631
148.110413 4.667016 77.031639
148.100281 4.350246 77.031631
148.090179 4.033476 77.031639
148.080078 3.716706 77.031639
148.069977 3.399936 77.031639
148.059860 3.083166 77.031647
148.049744 2.766396 77.031631
148.039642 2.449626 77.031639
148.029526 2.132856 77.031639
148.019409 1.816086 77.031639
146.694305 2.572310 76.570320
145.369232 3.328535 76.109001
144.044144 4.084759 75.647682
142.719070 4.840984 75.186371
141.393982 5.597208 74.725044
140.068893 6.353432 74.263748
138.743790 7.109656 73.802414
137.418716 7.865881 73.341103
136.093628 8.622106 72.879784
134.768570 9.378330 72.418480
133.443466 10.134554 71.957138
132.118378 10.890779 71.495834
130.793289 11.647002 71.034515
129.468201 12.403228 70.573204
128.143112 13.159451 70.111877
126.818047 13.915675 69.650566
125.492950 14.671901 69.189240
124.167862 15.428126 68.727936
122.842758 16.184347 68.266609
121.517708 16.940577 67.805305
120.192589 17.696798 67.343979
118.867523 18.453024 66.882668
117.542419 19.209246 66.421349
116.217354 19.965471 65.960030
114.892250 20.721691 65.498703
113.567177 21.477922 65.037399
112.242088 22.234144 64.576080
110.917007 22.990370 64.114761
109.591904 23.746592 63.653442
108.266838 24.502817 63.192131
106.941742 25.259039 62.730808
105.616676 26.015266 62.269508
104.291565 26.771490 61.808178
102.966461 27.527712 61.346855
101.641403 28.283941 60.885548
100.316322 29.040169 60.424236
98.991234 29.796387 59.962914
97.666138 30.552612 59.501587
96.341057 31.308836 59.040279
95.015984 32.065067 58.578972
93.690895 32.821285 58.117645
92.365784 33.577507 57.656322
91.040710 34.333733 57.195015
89.715637 35.089962 56.733704
88.390533 35.846184 56.272377
87.065453 36.602402 55.811058
85.740372 37.358631 55.349751
84.415291 38.114857 54.888435
83.090202 38.871078 54.427113
81.765099 39.627300 53.965794
80.440025 40.383530 53.504478
79.114944 41.139755 53.043175
77.789856 41.895981 52.581848
76.464752 42.652199 52.120529
75.139687 43.408424 51.659210
73.814606 44.164650 51.197899
72.489510 44.920876 50.736576
71.164413 45.677094 50.275253
69.839333 46.433319 49.813942
68.514267 47.189552 49.352631
67.189171 47.945770 48.891312
65.864075 48.701996 48.429989
64.538994 49.458221 47.968678
63.213924 50.214451 47.507366
61.888824 50.970669 47.046047
60.563721 51.726898 46.584724
59.238647 52.483120 46.123409
57.913555 53.239342 45.662086
56.588478 53.995567 45.200779
55.263393 54.751793 44.739456
53.938313 55.508011 44.278141
52.613216 56.264240 43.816818
51.288139 57.020462 43.355511
49.963047 57.776688 42.894192
48.637970 58.532913 42.432873
47.312874 59.289143 41.971554
45.987793 60.045361 41.510239
44.662701 60.801582 41.048923
43.337624 61.557816 40.587608
42.012535 62.314037 40.126289
40.687454 63.070251 39.664974
39.362358 63.826485 39.203659
38.037281 64.582710 38.742344
36.712189 65.338936 38.281021
35.387108 66.095161 37.819710
34.062016 66.851379 37.358387
32.736935 67.607605 36.897072
31.411846 68.363831 36.435757
30.086761 69.120056 35.974438
28.761669 69.876282 35.513123
27.436592 70.632500 35.051807
26.111500 71.388725 34.590488
24.786423 72.144951 34.129173
23.461327 72.901184 33.667854
22.136246 73.657394 33.206539
20.811157 74.413628 32.745220
19.486076 75.169846 32.283905
18.160986 75.926071 31.822586
16.835907 76.682297 31.361271
15.510815 77.438522 30.899954
14.185733 78.194748 30.438637
12.860642 78.950974 29.977318
11.535563 79.707199 29.516006
10.210471 80.463417 29.054688
8.885389 81.219635 28.593369
7.560300 81.975868 28.132051
6.235218 82.732094 27.670738
4.910129 83.488327 27.209419
3.585048 84.244537 26.748104
2.259958 85.000763 26.286785
0.934877 85.756989 25.825468
-0.390214 86.513206 25.364151
-1.715295 87.269424 24.902836
-3.040387 88.025665 24.441517
-4.365467 88.781876 23.980202
-5.690558 89.538109 23.518883
-7.015638 90.294327 23.057568
-8.340732 91.050560 22.596249
-9.665810 91.806786 22.134933
-10.990902 92.563004 21.673615
-12.315983 93.319229 21.212301
-13.641073 94.075455 20.750982
-14.966154 94.831673 20.289667
-16.291245 95.587906 19.828348
-17.616325 96.344131 19.367033
-18.941418 97.100357 18.905716
-20.266497 97.856575 18.444401
-21.591589 98.612808 17.983082
-22.916668 99.369026 17.521767
-24.241760 100.125252 17.060448
-25.391514 100.738403 17.145636
-26.541273 101.351555 17.230820
-27.691029 101.964745 17.316010
-28.840784 102.577896 17.401196
-29.990540 103.191040 17.486385
-31.140295 103.804192 17.571568
-32.290051 104.417351 17.656754
-33.439812 105.030525 17.741945
-34.589569 105.643684 17.827129
-35.739319 106.256836 17.912315
-36.889076 106.869987 17.997503
-38.038834 107.483162 18.082691
-39.188591 108.096313 18.167877
-40.338345 108.709473 18.253065
-41.488094 109.322632 18.338249
-42.637863 109.935799 18.423441
-43.787617 110.548950 18.508627
-44.937374 111.162117 18.593811
-46.087124 111.775253 18.678997
-47.236881 112.388412 18.764183
-48.386642 113.001587 18.849373
-49.536396 113.614746 18.934561
-50.686150 114.227898 19.019745
-51.835903 114.841064 19.104933
-52.985653 115.454193 19.190117
-54.135414 116.067375 19.275307
-55.285172 116.680534 19.360495
-56.434933 117.293686 19.445679
-57.584675 117.906830 19.530865
-58.734436 118.520004 19.616053
-59.884201 119.133179 19.701241
-61.033955 119.746323 19.786427
-62.183708 120.359467 19.871614
-63.333469 120.972656 19.956804
-64.483223 121.585800 20.041990
-65.632980 122.198959 20.127176
-66.782738 122.812126 20.212362
-67.932480 123.425270 20.297548
-69.082260 124.038445 20.382740
-70.232010 124.651596 20.467924
-71.381752 125.264748 20.553110
-72.531509 125.877899 20.638294
-73.681267 126.491074 20.723482
-74.831032 127.104248 20.808674
-75.980782 127.717377 20.893858
-77.130539 128.330536 20.979044
-78.280304 128.943710 21.064232
-79.430046 129.556854 21.149416
-80.579811 130.170029 21.234608
-81.729561 130.783173 21.319792
-82.879318 131.396347 21.404980
-84.029083 132.009506 21.490166
-85.178825 132.622650 21.575352
-86.328583 133.235809 21.660540
-87.478340 133.848969 21.745726
-88.628098 134.462128 21.830914
-89.777855 135.075302 21.916101
-90.927605 135.688431 22.001286
-92.077354 136.301620 22.086475
-93.227112 136.914764 22.171659
-94.376862 137.527908 22.256845
-95.526642 138.141083 22.342037
-96.676384 138.754227 22.427221
-97.826149 139.367386 22.512407
-98.975899 139.980560 22.597595
-100.125648 140.593704 22.682779
-101.275421 141.206879 22.767971
-102.425163 141.820038 22.853157
-103.574921 142.433182 22.938341
-104.724678 143.046371 23.023533
-105.874435 143.659500 23.108715
-107.024208 144.272675 23.193905
-108.173950 144.885834 23.279093
-109.323715 145.498978 23.364277
-110.473465 146.112167 23.449469
-111.623199 146.725281 23.534649
-112.772972 147.338455 23.619837
-113.922737 147.951630 23.705025
-115.072479 148.564774 23.790211
-116.222244 149.177948 23.875399
-117.372002 149.791077 23.960585
-118.521744 150.404251 24.045771
-119.671509 151.017410 24.130957
-120.821259 151.630539 24.216141
-121.971031 152.243729 24.301336
-123.120773 152.856888 24.386520
-124.270531 153.470047 24.471706
-125.420288 154.083191 24.556896
-126.570053 154.696365 24.642082
-127.719795 155.309525 24.727268
-128.869553 155.922684 24.812454
-130.019302 156.535828 24.897640
-131.169067 157.149002 24.982826
-132.318817 157.762146 25.068014
-133.468567 158.375305 25.153200
-134.618317 158.988464 25.238388
-135.768112 159.601639 25.323578
-136.917847 160.214813 25.408764
-138.067596 160.827942 25.493950
-139.217346 161.441101 25.579138
-140.367111 162.054260 25.664322
-141.516876 162.667419 25.749510
-142.666626 163.280594 25.834698
-143.816376 163.893738 25.919882
-144.966125 164.506897 26.005070
-146.115906 165.120056 26.090258
-147.265656 165.733231 26.175446
-148.415390 166.346375 26.260630
-149.565155 166.959534 26.345819
-150.714920 167.572693 26.431005
-151.864685 168.185837 26.516190
-153.014435 168.799011 26.601379
-154.164185 169.412170 26.686565
-155.313934 170.025330 26.771753
-156.463699 170.638489 26.856937
-157.613464 171.251648 26.942127
-158.763214 171.864792 27.027309
-159.912964 172.477966 27.112499
-161.062714 173.091125 27.197685
-162.212463 173.704254 27.282871
-163.362244 174.317444 27.368061
-164.511993 174.930588 27.453249
-165.661743 175.543762 27.538433
-166.811493 176.156921 27.623621
-167.961273 176.770081 27.708809
-169.110992 177.383224 27.793991
-170.260773 177.996384 27.879183
-171.410522 178.609543 27.964367
-172.560272 179.222717 28.049557
-173.710052 179.835876 28.134743
-174.859802 180.449036 28.219929
-176.009521 181.062164 28.305115
-177.159302 181.675339 28.390303
-178.309052 182.288498 28.475491
-179.458817 182.901642 28.560677
-180.608582 183.514832 28.645863
-181.758331 184.127960 28.731049
-182.908096 184.741150 28.816238
-184.057831 185.354279 28.901423
-185.207581 185.967438 28.986610
-186.357346 186.580612 29.071796
-187.507111 187.193771 29.156986
-188.656860 187.806915 29.242170
-189.806625 188.420074 29.327360
-190.956375 189.033249 29.412544
-192.106155 189.646408 29.497734
-193.255890 190.259552 29.582918
-194.405640 190.872726 29.668106
-195.555389 191.485870 29.753294
-196.705154 192.099045 29.838480
-197.854919 192.712189 29.923666
-199.004669 193.325348 30.008852
-200.154434 193.938522 30.094042
-201.304184 194.551666 30.179226
-202.453918 195.164825 30.264412
-203.603699 195.777985 30.349602
-204.753448 196.391144 30.434788
-205.903198 197.004303 30.519976
-207.052963 197.617447 30.605162
-208.202713 198.230621 30.690348
-209.352478 198.843765 30.775536
-210.502228 199.456924 30.860723
-211.651978 200.070084 30.945908
-212.801727 200.683243 31.031096
-213.951492 201.296417 31.116283
-215.101257 201.909576 31.201469
-216.251022 202.522736 31.286657
-217.400757 203.135895 31.371843
-218.550522 203.749054 31.457031
-219.700287 204.362198 31.542217
-220.850052 204.975342 31.627403
-221.999786 205.588501 31.712591
-223.149536 206.201675 31.797777
-224.299301 206.814835 31.882965
